35,45|35,45|27,37|27,37|29,39|-1,-1|-1,-1|32,42|36,48|-1,-1|31,41|31,41|35,46|35,46|28,38|28,38|-1,-1|38,50|34,44|27,36|37,49|37,49
35,45|35,45|27,37|27,37|29,39|-1,-1|-1,-1|32,42|36,48|-1,-1|31,41|31,41|35,46|35,46|28,38|28,38|-1,-1|38,50|34,44|27,36|37,49|37,49
35,45|35,45|27,37|27,37|29,39|-1,-1|-1,-1|32,42|36,48|-1,-1|31,41|31,41|35,46|35,46|28,38|28,38|-1,-1|38,50|34,44|27,36|37,49|37,49
35,45|35,45|27,37|27,37|29,39|-1,-1|-1,-1|32,42|36,48|-1,-1|31,41|31,41|35,46|35,46|28,38|28,38|-1,-1|38,50|34,44|27,36|37,49|37,49
35,45|35,45|27,37|27,37|29,39|-1,-1|-1,-1|32,42|36,48|-1,-1|31,41|31,41|35,46|35,46|28,38|28,38|-1,-1|38,50|34,44|27,36|37,49|37,49
35,45|35,45|27,37|27,37|29,39|-1,-1|-1,-1|32,42|36,48|-1,-1|31,41|31,41|35,46|35,46|28,38|28,38|-1,-1|38,50|34,44|27,36|37,49|37,49
35,45|35,45|27,37|27,37|29,39|-1,-1|-1,-1|32,42|36,48|-1,-1|31,41|31,41|35,46|35,46|28,38|28,38|-1,-1|38,50|34,44|27,36|37,49|37,49
35,45|35,45|27,37|27,37|29,39|-1,-1|-1,-1|32,42|36,48|-1,-1|31,41|31,41|35,46|35,46|28,38|28,38|-1,-1|38,50|34,44|27,36|37,49|37,49
35,45|35,45|27,37|27,37|29,39|-1,-1|-1,-1|32,42|36,48|-1,-1|31,41|31,41|-1,-1|-1,-1|-1,-1|35,47|-1,-1|38,50|34,44|-1,-1|37,49|37,49
-1,-1|-1,-1|27,37|27,37|29,39|-1,-1|-1,-1|32,42|36,48|-1,-1|-1,-1|-1,-1|-1,-1|-1,-1|-1,-1|35,47|-1,-1|38,50|34,44|-1,-1|37,49|37,49
-1,-1|-1,-1|-1,-1|-1,-1|29,39|-1,-1|-1,-1|32,42|36,48|-1,-1|-1,-1|-1,-1|-1,-1|-1,-1|-1,-1|35,47|-1,-1|-1,-1|-1,-1|-1,-1|37,49|37,49
-1,-1|-1,-1|-1,-1|-1,-1|29,39|-1,-1|-1,-1|32,42|36,48|-1,-1|-1,-1|-1,-1|-1,-1|-1,-1|-1,-1|35,47|-1,-1|-1,-1|-1,-1|-1,-1|-1,-1|-1,-1
-1,-1|-1,-1|-1,-1|-1,-1|29,39|-1,-1|-1,-1|-1,-1|36,48|-1,-1|-1,-1|-1,-1|-1,-1|-1,-1|-1,-1|35,47|-1,-1|-1,-1|-1,-1|-1,-1|-1,-1|-1,-1
-1,-1|-1,-1|-1,-1|-1,-1|-1,-1|-1,-1|-1,-1|-1,-1|-1,-1|-1,-1|-1,-1|-1,-1|-1,-1|-1,-1|-1,-1|35,47|-1,-1|-1,-1|-1,-1|-1,-1|-1,-1|-1,-1